{
 "cells": [
  {
   "cell_type": "code",
   "execution_count": 56,
   "id": "1831a32d",
   "metadata": {},
   "outputs": [],
   "source": [
    "## Load my files ##\n",
    "import sys\n",
    "sys.path.append('..')\n",
    "from utils import get_sequence\n",
    "\n",
    "## Load standard files ##\n",
    "import torch\n",
    "import torch.nn as nn\n",
    "from torch.utils.data import Dataset, DataLoader\n",
    "import torch.optim.lr_scheduler as lr_scheduler\n",
    "from torch import from_numpy as tnsr\n",
    "from scipy.stats import bernoulli\n",
    "import torch.nn as nn\n",
    "import numpy as np\n",
    "import pandas as pd\n",
    "from tqdm import tqdm\n",
    "import seaborn as sns\n",
    "import matplotlib.pyplot as plt\n",
    "from scipy.spatial.distance import cdist as dist\n",
    "from sklearn.metrics.pairwise import cosine_similarity\n",
    "from scipy.signal import find_peaks\n",
    "from scipy.spatial.distance import cosine\n",
    "from sklearn.ensemble import RandomForestClassifier\n",
    "from sklearn.linear_model import LogisticRegression\n",
    "import torch.nn.functional as F"
   ]
  },
  {
   "cell_type": "code",
   "execution_count": 57,
   "id": "e77f3bf0-cace-4be0-8bb6-44937f7b2cb0",
   "metadata": {},
   "outputs": [],
   "source": [
    "n_community = 2\n",
    "n_members = 3\n",
    "\n",
    "tokens = []\n",
    "\n",
    "for ii in range(n_community*n_members+1):\n",
    "    tokens.append(\n",
    "        chr(ord('A')+ii)\n",
    "    )"
   ]
  },
  {
   "cell_type": "code",
   "execution_count": null,
   "id": "ec8adc00",
   "metadata": {},
   "outputs": [],
   "source": [
    "class brain(nn.Module):\n",
    "    def __init__(self, input_size, hidden_wake_size, hidden_sleep_size, sleep_input_size, sleep_output_size, num_layers=1, num_layers_sleep=1):\n",
    "        super(brain, self).__init__()\n",
    "\n",
    "        self.rnn = nn.RNN(input_size+sleep_output_size, hidden_wake_size, num_layers, nonlinearity='relu', batch_first=True)\n",
    "        self.wake_fc = nn.Linear(hidden_wake_size, len(tokens))\n",
    "        self.context_fc = nn.Linear(hidden_wake_size, sleep_input_size)\n",
    "\n",
    "        self.sleep_rnn = nn.RNN(sleep_input_size, hidden_sleep_size, num_layers_sleep, nonlinearity='relu', batch_first=True)\n",
    "        self.sleep_out = nn.Linear(hidden_sleep_size, hidden_wake_size)\n",
    "        self.sleep_fc = nn.Linear(hidden_sleep_size, sleep_output_size)\n",
    "\n",
    "    def wake(self):\n",
    "        self.rnn.requires_grad = True \n",
    "        self.wake_fc.requires_grad = True\n",
    "        self.context_fc.requires_grad = True\n",
    "\n",
    "        self.sleep_fc.requires_grad = True \n",
    "\n",
    "        self.sleep_rnn.requires_grad = False\n",
    "        self.sleep_out.requires_grad = False\n",
    "\n",
    "    def sleep(self):\n",
    "        self.rnn.requires_grad = False \n",
    "        self.wake_fc.requires_grad = False\n",
    "        self.context_fc.requires_grad = False \n",
    "\n",
    "        self.sleep_fc.requires_grad = False \n",
    "\n",
    "        self.sleep_rnn.requires_grad = True\n",
    "        self.sleep_out.requires_grad = True\n",
    "        \n",
    "    def zero_sleep_weights(self):\n",
    "        for name, param in self.sleep_rnn.named_parameters():\n",
    "            nn.init.zeros_(param) \n",
    "\n",
    "    def forward(self, x, context, hw=None, hs=None):\n",
    "        out, hs = self.sleep_rnn(context, hs)\n",
    "        sleep_out = self.sleep_out(out[:,-1,:])\n",
    "        context_out = self.sleep_fc(out)\n",
    "\n",
    "        x = torch.cat((x,context_out), dim=2)\n",
    "        \n",
    "        out, hw = self.rnn(x, hw)\n",
    "\n",
    "        context = self.context_fc(hw)\n",
    "        out = self.wake_fc(out[:,-1,:])\n",
    "\n",
    "\n",
    "        return out, sleep_out, context, hw, hs\n",
    " \n"
   ]
  },
  {
   "cell_type": "code",
   "execution_count": 59,
   "id": "5896bce7-03fd-4ac8-95c2-0b29d8db1f93",
   "metadata": {},
   "outputs": [],
   "source": [
    "class Dataset_converter(Dataset):\n",
    "    def __init__(self, data, working_memory=1, short_term_memory=8):\n",
    "        \n",
    "        one_hot_encoded = np.zeros((len(data), len(tokens)), dtype=float)\n",
    "        for ii, token in enumerate(data):\n",
    "            one_hot_encoded[ii,ord(token)-65] = 1\n",
    "        \n",
    "        self.X = np.zeros((((len(data)-working_memory-short_term_memory)), short_term_memory, len(tokens)*working_memory))\n",
    "        self.y = np.zeros((((len(data)-working_memory-short_term_memory)), len(tokens)))\n",
    "\n",
    "        for ii in range(self.X.shape[0]):\n",
    "            for jj in range(self.X.shape[1]):\n",
    "                for kk in range(working_memory):\n",
    "                    self.X[ii,jj,kk*len(tokens):(kk+1)*len(tokens)] = \\\n",
    "                    one_hot_encoded[ii+jj+kk,:]\n",
    "                    \n",
    "            self.y[ii] = \\\n",
    "                one_hot_encoded[ii+jj+kk+1,:]\n",
    "\n",
    "        self.X = tnsr(self.X).float()\n",
    "        self.y = tnsr(self.y).float()\n",
    "\n",
    "    def __getitem__(self, index):\n",
    "        return self.X[index], self.y[index]\n",
    "\n",
    "    def __len__(self):\n",
    "        return self.X.shape[0]"
   ]
  },
  {
   "cell_type": "code",
   "execution_count": 65,
   "id": "4cb20dde-1360-4273-af41-b4e8931f65cb",
   "metadata": {},
   "outputs": [
    {
     "name": "stdout",
     "output_type": "stream",
     "text": [
      "Iter : 1001, loss: 1.9927, accuracy: 0.2370\n",
      "Iter : 2001, loss: 1.9896, accuracy: 0.2500\n",
      "Iter : 3001, loss: 2.0631, accuracy: 0.2500\n",
      "Iter : 4001, loss: 2.0887, accuracy: 0.2500\n",
      "Iter : 5001, loss: 2.0449, accuracy: 0.2500\n",
      "Iter : 6001, loss: 1.9675, accuracy: 0.2620\n",
      "Iter : 7001, loss: 1.9590, accuracy: 0.2680\n",
      "Iter : 8001, loss: 1.7537, accuracy: 0.2910\n",
      "Iter : 9001, loss: 2.0269, accuracy: 0.3510\n",
      "Iter : 10001, loss: 2.0943, accuracy: 0.4170\n",
      "Iter : 11001, loss: 1.7100, accuracy: 0.4640\n",
      "Iter : 12001, loss: 1.6590, accuracy: 0.5260\n",
      "Iter : 13001, loss: 1.6519, accuracy: 0.5760\n",
      "Iter : 14001, loss: 1.6877, accuracy: 0.5960\n",
      "Iter : 15001, loss: 1.9386, accuracy: 0.6290\n",
      "Iter : 16001, loss: 2.0502, accuracy: 0.5940\n",
      "Iter : 17001, loss: 1.5427, accuracy: 0.6440\n",
      "Iter : 18001, loss: 2.0970, accuracy: 0.6420\n",
      "Iter : 19001, loss: 1.5628, accuracy: 0.6460\n",
      "Iter : 20001, loss: 2.0090, accuracy: 0.6560\n",
      "Iter : 21001, loss: 1.2061, accuracy: 0.6690\n",
      "Iter : 22001, loss: 1.5759, accuracy: 0.6580\n",
      "Iter : 23001, loss: 1.4375, accuracy: 0.6750\n",
      "Iter : 24001, loss: 1.9168, accuracy: 0.6730\n",
      "Iter : 25001, loss: 1.7098, accuracy: 0.6570\n",
      "Iter : 26001, loss: 2.4069, accuracy: 0.6600\n",
      "Iter : 27001, loss: 1.1681, accuracy: 0.6800\n",
      "Iter : 28001, loss: 2.3721, accuracy: 0.6560\n",
      "Iter : 29001, loss: 1.6500, accuracy: 0.6550\n",
      "Iter : 30001, loss: 1.3457, accuracy: 0.6650\n",
      "Iter : 31001, loss: 1.4883, accuracy: 0.6450\n",
      "Iter : 32001, loss: 1.3429, accuracy: 0.6530\n",
      "Iter : 33001, loss: 1.3850, accuracy: 0.6590\n",
      "Iter : 34001, loss: 1.0568, accuracy: 0.6660\n",
      "Iter : 35001, loss: 1.9861, accuracy: 0.6750\n",
      "Iter : 36001, loss: 1.4031, accuracy: 0.6480\n",
      "Iter : 37001, loss: 1.8013, accuracy: 0.6510\n",
      "Iter : 38001, loss: 2.4164, accuracy: 0.6800\n",
      "Iter : 39001, loss: 1.3572, accuracy: 0.6590\n",
      "Iter : 40001, loss: 1.6684, accuracy: 0.6690\n",
      "Iter : 41001, loss: 1.6355, accuracy: 0.6660\n",
      "Iter : 42001, loss: 2.3987, accuracy: 0.6710\n",
      "Iter : 43001, loss: 2.4592, accuracy: 0.6690\n",
      "Iter : 44001, loss: 1.5059, accuracy: 0.6780\n",
      "Iter : 45001, loss: 1.4493, accuracy: 0.6680\n",
      "Iter : 46001, loss: 2.9498, accuracy: 0.6840\n",
      "Iter : 47001, loss: 2.7815, accuracy: 0.6680\n",
      "Iter : 48001, loss: 2.1033, accuracy: 0.6670\n",
      "Iter : 49001, loss: 1.7574, accuracy: 0.6720\n"
     ]
    }
   ],
   "source": [
    "### initial training ###\n",
    "total_samples = 50000\n",
    "working_memory = 1\n",
    "short_term_memory = 1\n",
    "hidden_wake_size = 40\n",
    "hidden_sleep_size = 10\n",
    "sleep_input_size = 10\n",
    "sleep_output_size = 5\n",
    "num_layers_wake = 1\n",
    "num_layers_sleep = 1\n",
    "output_sleep = len(tokens)\n",
    "input_size = len(tokens)*working_memory\n",
    "lr = 1e-4\n",
    "test_acc = []\n",
    "\n",
    "\n",
    "c = []\n",
    "context = torch.zeros(sleep_input_size,dtype=torch.float32)\n",
    "data = get_sequence(total_samples, n_community, n_members, train_percent=1.0)#gen_seq(total_samples) #\n",
    "\n",
    "data_set = Dataset_converter(data, working_memory, short_term_memory)\n",
    "train_loader = DataLoader(data_set, batch_size=1, shuffle=False)\n",
    "\n",
    "network1 = brain(input_size, hidden_wake_size, hidden_sleep_size, sleep_input_size, sleep_output_size, num_layers_wake, num_layers_sleep)\n",
    "# network1.zero_sleep_weights()\n",
    "network1.wake()\n",
    "\n",
    "optimizer = torch.optim.SGD(network1.parameters(), lr=lr, momentum=0.95)\n",
    "criterion = torch.nn.CrossEntropyLoss()\n",
    "\n",
    "total = 0\n",
    "correct = np.zeros(1000,dtype=float)\n",
    "for X, y in train_loader:\n",
    "    optimizer.zero_grad()\n",
    "\n",
    "    if total == 0:\n",
    "        predicted_y, _, context_, hw, hs = network1(X, context.reshape(1,1,-1))\n",
    "    else:\n",
    "        predicted_y, _, context_, hw, hs = network1(X, context.reshape(1,1,-1), hw=mem, hs=mem_)\n",
    "    \n",
    "    # print(predicted_y.shape, y.shape)\n",
    "    loss = criterion(predicted_y, y)\n",
    "    #loss_repel = 1e-1 * network1.repulsion_loss(margin=1.0)\n",
    "    \n",
    "    # loss = loss #+ loss_repel\n",
    "    \n",
    "    loss.backward(retain_graph=True)\n",
    "    optimizer.step()\n",
    "\n",
    "    with torch.no_grad():\n",
    "        mem=hw.clone()\n",
    "        mem_=hs.clone()\n",
    "        context = context_.clone()\n",
    "        c.append(context)\n",
    "        \n",
    "        true_y = y.argmax(axis=1)\n",
    "        estimated_y = predicted_y.argmax(axis=1)\n",
    "\n",
    "        total += 1\n",
    "        if true_y == estimated_y:\n",
    "                correct[total%1000] = 1\n",
    "        else:\n",
    "            correct[total%1000] = 0\n",
    "\n",
    "        test_acc.append(\n",
    "            np.sum(correct)/total if total<1000 else np.sum(correct)/1000\n",
    "        )\n",
    "        if total%1000 == 0:\n",
    "            print(f'Iter : {total+1}, loss: {loss:.4f}, accuracy: {test_acc[-1]:.4f}')\n"
   ]
  },
  {
   "cell_type": "code",
   "execution_count": 66,
   "id": "5d87bf57",
   "metadata": {},
   "outputs": [
    {
     "data": {
      "text/plain": [
       "'EFDGBACGEFDGBCAGFDEG'"
      ]
     },
     "execution_count": 66,
     "metadata": {},
     "output_type": "execute_result"
    }
   ],
   "source": [
    "data[-20:]"
   ]
  },
  {
   "cell_type": "code",
   "execution_count": 67,
   "id": "a2791242",
   "metadata": {},
   "outputs": [
    {
     "data": {
      "text/plain": [
       "tensor([[[0.3087, 0.1337, 0.7015, 0.0000, 0.3197, 0.0655, 0.2593, 0.6866,\n",
       "          0.0000, 0.0735]]], grad_fn=<StackBackward0>)"
      ]
     },
     "execution_count": 67,
     "metadata": {},
     "output_type": "execute_result"
    }
   ],
   "source": [
    "hs"
   ]
  },
  {
   "cell_type": "code",
   "execution_count": 68,
   "id": "ef1c7136-0f0d-47df-95ac-1506267dbf09",
   "metadata": {},
   "outputs": [
    {
     "name": "stdout",
     "output_type": "stream",
     "text": [
      "tensor([[[-0.0008, -0.0716, -0.1749,  0.2651, -0.1282,  0.2246,  0.0651,\n",
      "           0.1079,  0.0919,  0.0621]]]) A\n",
      "tensor([[[-0.0475,  0.1471, -0.4328,  1.1235, -0.2296,  0.0794, -0.4140,\n",
      "           0.7596,  0.1517,  0.4127]]]) G\n",
      "tensor([[[-0.0756,  0.0485,  0.0739,  1.1230,  0.1303,  0.1425,  0.0573,\n",
      "           0.5451,  0.0640,  0.2182]]]) E\n",
      "tensor([[[ 0.0868,  0.0483, -0.0029,  0.8183, -0.0898,  0.4581, -0.2307,\n",
      "           0.3969, -0.0639,  0.3571]]]) D\n",
      "tensor([[[ 0.5681,  0.0087, -0.3517,  0.4695, -0.3098,  0.5262,  0.0381,\n",
      "           0.6060, -0.2616,  0.3999]]]) F\n",
      "tensor([[[ 0.3121,  0.2657, -0.3490,  1.0029, -0.2813,  0.2085, -0.2208,\n",
      "           1.2155, -0.3250,  0.4873]]]) G\n",
      "tensor([[[-0.3003,  0.2418, -0.1286,  1.0362, -0.1871,  0.1969, -0.2031,\n",
      "           1.2564, -0.1685,  0.1829]]]) A\n",
      "tensor([[[ 0.0153,  0.0784, -0.1125,  1.0010, -0.2211,  0.4120, -0.2861,\n",
      "           0.6271, -0.1485,  0.5295]]]) C\n",
      "tensor([[[ 0.3555, -0.0468, -0.5395,  0.7708, -0.4197,  0.2116, -0.2613,\n",
      "           0.4663,  0.2753,  0.3858]]]) B\n",
      "tensor([[[ 0.2950, -0.2956, -0.1831,  1.0399, -0.1369,  0.2429, -0.1647,\n",
      "           0.4065,  0.3507,  0.4504]]]) G\n",
      "tensor([[[ 0.1016, -0.0401, -0.1194,  1.0094, -0.0571,  0.2937, -0.3718,\n",
      "           0.4178,  0.3957,  0.1580]]]) D\n",
      "tensor([[[ 0.2593,  0.0030,  0.0622,  0.7487, -0.1830,  0.3376, -0.2655,\n",
      "           0.3606,  0.0162,  0.4371]]]) F\n",
      "tensor([[[ 0.7161, -0.0948, -0.4638,  0.6103, -0.3576,  0.5507,  0.0282,\n",
      "           0.7625, -0.1477,  0.4768]]]) E\n",
      "tensor([[[ 0.0265,  0.0740, -0.2640,  0.8634, -0.2375,  0.5609, -0.0432,\n",
      "           1.0329, -0.4099,  0.2622]]]) G\n",
      "tensor([[[-0.2599,  0.2470, -0.1185,  0.9890, -0.1987,  0.2289, -0.1442,\n",
      "           1.2282, -0.1637,  0.1622]]]) C\n",
      "tensor([[[ 0.1654,  0.0364, -0.1502,  0.9665, -0.2929,  0.4807, -0.2671,\n",
      "           0.6322, -0.1300,  0.5448]]]) A\n",
      "tensor([[[ 0.4245, -0.0756, -0.6092,  0.7969, -0.4650,  0.2304, -0.2743,\n",
      "           0.5381,  0.3220,  0.4285]]]) B\n",
      "tensor([[[ 0.2437, -0.2569, -0.1619,  1.1563, -0.0651,  0.2038, -0.1829,\n",
      "           0.5059,  0.3334,  0.4632]]]) G\n",
      "tensor([[[ 0.0132, -0.0214,  0.0256,  1.0520, -0.0670,  0.3768, -0.3548,\n",
      "           0.5771,  0.2620,  0.1546]]]) D\n",
      "tensor([[[ 0.1466, -0.0971, -0.0787,  0.9416, -0.2688,  0.4019, -0.2228,\n",
      "           0.4844, -0.0231,  0.5348]]]) F\n"
     ]
    }
   ],
   "source": [
    "for ii in range(20):\n",
    "    print(c[-ii], data[-ii])"
   ]
  },
  {
   "cell_type": "code",
   "execution_count": 69,
   "id": "b4a50548",
   "metadata": {},
   "outputs": [
    {
     "name": "stdout",
     "output_type": "stream",
     "text": [
      "D D 0.0\n",
      "D F 0.15633351143560537\n",
      "D G 0.13484026699799057\n",
      "D A 0.33571905129269763\n",
      "D C 0.10598186178616587\n",
      "D B 0.11213971219103624\n",
      "D G 0.07864204260555008\n",
      "D D 0.10859151257157962\n",
      "D F 0.1402677014965369\n",
      "D E 0.09946345642790455\n",
      "D G 0.15527930283731384\n",
      "D C 0.29570605617252466\n",
      "D A 0.17880870153770323\n",
      "D B 0.1216979905985428\n",
      "D G 0.09800057478724367\n",
      "D D 0.12507156248013462\n",
      "D F 0.10992496139691488\n",
      "D E 0.10062371441914741\n",
      "D G 0.10939884984008696\n",
      "D D 0.2395507499524442\n",
      "F D 0.15633351143560537\n",
      "F F 1.7823715392495387e-08\n",
      "F G 0.13315009893902352\n",
      "F A 0.45686464940953075\n",
      "F C 0.22258837084022098\n",
      "F B 0.15121831764353066\n",
      "F G 0.13771615012381644\n",
      "F D 0.34683575699398494\n",
      "F F 0.1716213705546853\n",
      "F E 0.1400995342831728\n",
      "F G 0.19198929121599229\n",
      "F C 0.42816334173521775\n",
      "F A 0.2190342471989375\n",
      "F B 0.15311163360643942\n",
      "F G 0.17699992337101478\n",
      "F D 0.37182647591074536\n",
      "F F 0.12020179571785683\n",
      "F E 0.09380068419641374\n",
      "F G 0.1600334127986106\n",
      "F D 0.5191707858363372\n",
      "G D 0.13484026699799057\n",
      "G F 0.13315009893902352\n",
      "G G 0.0\n",
      "G A 0.23130722725211572\n",
      "G C 0.15269150502787965\n",
      "G B 0.188991342405061\n",
      "G G 0.021985772596207265\n",
      "G D 0.21064841975435433\n",
      "G F 0.13389399980384198\n",
      "G E 0.11644767729221517\n",
      "G G 0.032576237994627166\n",
      "G C 0.23111743890644365\n",
      "G A 0.12986858507466414\n",
      "G B 0.18833921525266972\n",
      "G G 0.02435771831699962\n",
      "G D 0.23174756652417805\n",
      "G F 0.1168527640183521\n",
      "G E 0.07178659833822876\n",
      "G G 0.02779636816980191\n",
      "G D 0.3105719949243101\n",
      "A D 0.33571905129269763\n",
      "A F 0.45686464940953075\n",
      "A G 0.23130722725211572\n",
      "A A 0.0\n",
      "A C 0.1472466308593099\n",
      "A B 0.3695779871179655\n",
      "A G 0.2163908901140238\n",
      "A D 0.20152326294020817\n",
      "A F 0.3075711226963783\n",
      "A E 0.4217976606092225\n",
      "A G 0.21245083416755184\n",
      "A C 0.011018236792990854\n",
      "A A 0.14983770897489324\n",
      "A B 0.350590738706991\n",
      "A G 0.15087725744955827\n",
      "A D 0.19517889919766107\n",
      "A F 0.32772529416350704\n",
      "A E 0.3946874659865305\n",
      "A G 0.19621361782958047\n",
      "A D 0.2023333623027337\n",
      "C D 0.10598186178616587\n",
      "C F 0.22258837084022098\n",
      "C G 0.15269150502787965\n",
      "C A 0.1472466308593099\n",
      "C C 0.0\n",
      "C B 0.08710132485960986\n",
      "C G 0.08799866975019532\n",
      "C D 0.1879304341682757\n",
      "C F 0.2586836830058694\n",
      "C E 0.2694408311901827\n",
      "C G 0.16542725728985508\n",
      "C C 0.14461561211155083\n",
      "C A 0.05927201093299872\n",
      "C B 0.08343218871403524\n",
      "C G 0.08343190118308841\n",
      "C D 0.19504068967345578\n",
      "C F 0.22602366655023864\n",
      "C E 0.21532419876250286\n",
      "C G 0.13692644837538193\n",
      "C D 0.2950368633632736\n",
      "B D 0.11213971219103624\n",
      "B F 0.15121831764353066\n",
      "B G 0.188991342405061\n",
      "B A 0.3695779871179655\n",
      "B C 0.08710132485960986\n",
      "B B 3.4188853970107402e-09\n",
      "B G 0.12257136835073457\n",
      "B D 0.32922158533374923\n",
      "B F 0.3341586157473161\n",
      "B E 0.25189397428221516\n",
      "B G 0.2653811049341187\n",
      "B C 0.3644265132304103\n",
      "B A 0.07968134145091632\n",
      "B B 0.0011126570219319731\n",
      "B G 0.1601557496648216\n",
      "B D 0.34545331537365254\n",
      "B F 0.27577074029104065\n",
      "B E 0.1633281605813961\n",
      "B G 0.2072960769421459\n",
      "B D 0.46582011263279144\n",
      "G D 0.07864204260555008\n",
      "G F 0.13771615012381644\n",
      "G G 0.021985772596207265\n",
      "G A 0.2163908901140238\n",
      "G C 0.08799866975019532\n",
      "G B 0.12257136835073457\n",
      "G G 0.0\n",
      "G D 0.17675052962231086\n",
      "G F 0.1479016439730504\n",
      "G E 0.14539906696986926\n",
      "G G 0.05177208471250483\n",
      "G C 0.2150310183648867\n",
      "G A 0.08960656967121172\n",
      "G B 0.12460409537345185\n",
      "G G 0.009057152489048592\n",
      "G D 0.19629383297551517\n",
      "G F 0.12454687899158834\n",
      "G E 0.09615705201311786\n",
      "G G 0.022510457271853412\n",
      "G D 0.30063526094527027\n",
      "D D 0.10859151257157962\n",
      "D F 0.34683575699398494\n",
      "D G 0.21064841975435433\n",
      "D A 0.20152326294020817\n",
      "D C 0.1879304341682757\n",
      "D B 0.32922158533374923\n",
      "D G 0.17675052962231086\n",
      "D D 5.197788199851061e-09\n",
      "D F 0.100883655806293\n",
      "D E 0.15279482870197325\n",
      "D G 0.16440679128764146\n",
      "D C 0.14583208916093504\n",
      "D A 0.2750431941265067\n",
      "D B 0.3289156720041414\n",
      "D G 0.1370905938449205\n",
      "D D 0.001362341977584558\n",
      "D F 0.1212769244309212\n",
      "D E 0.20900493082118\n",
      "D G 0.13234101396751796\n",
      "D D 0.04095092408341483\n",
      "F D 0.1402677014965369\n",
      "F F 0.1716213705546853\n",
      "F G 0.13389399980384198\n",
      "F A 0.3075711226963783\n",
      "F C 0.2586836830058694\n",
      "F B 0.3341586157473161\n",
      "F G 0.1479016439730504\n",
      "F D 0.100883655806293\n",
      "F F 4.854012636279492e-09\n",
      "F E 0.06785798672111687\n",
      "F G 0.09631123214454484\n",
      "F C 0.2386874283713767\n",
      "F A 0.30769550807629265\n",
      "F B 0.3369615372700385\n",
      "F G 0.1287128672536657\n",
      "F D 0.10962696626986268\n",
      "F F 0.006670569773413515\n",
      "F E 0.10320942451323356\n",
      "F G 0.07687380388700171\n",
      "F D 0.18351509661389842\n",
      "E D 0.09946345642790455\n",
      "E F 0.1400995342831728\n",
      "E G 0.11644767729221517\n",
      "E A 0.4217976606092225\n",
      "E C 0.2694408311901827\n",
      "E B 0.25189397428221516\n",
      "E G 0.14539906696986926\n",
      "E D 0.15279482870197325\n",
      "E F 0.06785798672111687\n",
      "E E 2.0601990113888746e-09\n",
      "E G 0.12465454951456767\n",
      "E C 0.3615127415698677\n",
      "E A 0.3020535783557746\n",
      "E B 0.2584511291367618\n",
      "E G 0.15131545106383548\n",
      "E D 0.17035914133097552\n",
      "E F 0.054293983302809656\n",
      "E E 0.022444069440264558\n",
      "E G 0.12237394929228274\n",
      "E D 0.2330772863178272\n",
      "G D 0.15527930283731384\n",
      "G F 0.19198929121599229\n",
      "G G 0.032576237994627166\n",
      "G A 0.21245083416755184\n",
      "G C 0.16542725728985508\n",
      "G B 0.2653811049341187\n",
      "G G 0.05177208471250483\n",
      "G D 0.16440679128764146\n",
      "G F 0.09631123214454484\n",
      "G E 0.12465454951456767\n",
      "G G 0.0\n",
      "G C 0.19692727788068654\n",
      "G A 0.20369625465795882\n",
      "G B 0.26510800986005534\n",
      "G G 0.035289642934826615\n",
      "G D 0.17945872296519794\n",
      "G F 0.09385329320043934\n",
      "G E 0.10180932937878051\n",
      "G G 0.023002107741291744\n",
      "G D 0.25144912309279255\n",
      "C D 0.29570605617252466\n",
      "C F 0.42816334173521775\n",
      "C G 0.23111743890644365\n",
      "C A 0.011018236792990854\n",
      "C C 0.14461561211155083\n",
      "C B 0.3644265132304103\n",
      "C G 0.2150310183648867\n",
      "C D 0.14583208916093504\n",
      "C F 0.2386874283713767\n",
      "C E 0.3615127415698677\n",
      "C G 0.19692727788068654\n",
      "C C 0.0\n",
      "C A 0.16717756513672977\n",
      "C B 0.3474641896453864\n",
      "C G 0.14716069297249146\n",
      "C D 0.1368768509374636\n",
      "C F 0.261591348841962\n",
      "C E 0.3534569365868132\n",
      "C G 0.1780089669080891\n",
      "C D 0.1442411606974745\n",
      "A D 0.17880870153770323\n",
      "A F 0.2190342471989375\n",
      "A G 0.12986858507466414\n",
      "A A 0.14983770897489324\n",
      "A C 0.05927201093299872\n",
      "A B 0.07968134145091632\n",
      "A G 0.08960656967121172\n",
      "A D 0.2750431941265067\n",
      "A F 0.30769550807629265\n",
      "A E 0.3020535783557746\n",
      "A G 0.20369625465795882\n",
      "A C 0.16717756513672977\n",
      "A A 2.0594198568701927e-09\n",
      "A B 0.07025818507160997\n",
      "A G 0.08852618652674127\n",
      "A D 0.28526006394100856\n",
      "A F 0.27773450179228065\n",
      "A E 0.2127222328505729\n",
      "A G 0.14359066487282546\n",
      "A D 0.36183741396096625\n",
      "B D 0.1216979905985428\n",
      "B F 0.15311163360643942\n",
      "B G 0.18833921525266972\n",
      "B A 0.350590738706991\n",
      "B C 0.08343218871403524\n",
      "B B 0.0011126570219319731\n",
      "B G 0.12460409537345185\n",
      "B D 0.3289156720041414\n",
      "B F 0.3369615372700385\n",
      "B E 0.2584511291367618\n",
      "B G 0.26510800986005534\n",
      "B C 0.3474641896453864\n",
      "B A 0.07025818507160997\n",
      "B B 0.0\n",
      "B G 0.15844702387599174\n",
      "B D 0.3442625787901944\n",
      "B F 0.28036441983623017\n",
      "B E 0.16750225585739176\n",
      "B G 0.20764478021644228\n",
      "B D 0.459614927504885\n",
      "G D 0.09800057478724367\n",
      "G F 0.17699992337101478\n",
      "G G 0.02435771831699962\n",
      "G A 0.15087725744955827\n",
      "G C 0.08343190118308841\n",
      "G B 0.1601557496648216\n",
      "G G 0.009057152489048592\n",
      "G D 0.1370905938449205\n",
      "G F 0.1287128672536657\n",
      "G E 0.15131545106383548\n",
      "G G 0.035289642934826615\n",
      "G C 0.14716069297249146\n",
      "G A 0.08852618652674127\n",
      "G B 0.15844702387599174\n",
      "G G 1.837430507745097e-08\n",
      "G D 0.15192344666165836\n",
      "G F 0.11825520458778382\n",
      "G E 0.11155091032409825\n",
      "G G 0.012937020109242137\n",
      "G D 0.23448203865694184\n",
      "D D 0.12507156248013462\n",
      "D F 0.37182647591074536\n",
      "D G 0.23174756652417805\n",
      "D A 0.19517889919766107\n",
      "D C 0.19504068967345578\n",
      "D B 0.34545331537365254\n",
      "D G 0.19629383297551517\n",
      "D D 0.001362341977584558\n",
      "D F 0.10962696626986268\n",
      "D E 0.17035914133097552\n",
      "D G 0.17945872296519794\n",
      "D C 0.1368768509374636\n",
      "D A 0.28526006394100856\n",
      "D B 0.3442625787901944\n",
      "D G 0.15192344666165836\n",
      "D D 1.6309033012973373e-09\n",
      "D F 0.1328069540949557\n",
      "D E 0.22894315782468366\n",
      "D G 0.14769820066081152\n",
      "D D 0.03208272910636423\n",
      "F D 0.10992496139691488\n",
      "F F 0.12020179571785683\n",
      "F G 0.1168527640183521\n",
      "F A 0.32772529416350704\n",
      "F C 0.22602366655023864\n",
      "F B 0.27577074029104065\n",
      "F G 0.12454687899158834\n",
      "F D 0.1212769244309212\n",
      "F F 0.006670569773413515\n",
      "F E 0.054293983302809656\n",
      "F G 0.09385329320043934\n",
      "F C 0.261591348841962\n",
      "F A 0.27773450179228065\n",
      "F B 0.28036441983623017\n",
      "F G 0.11825520458778382\n",
      "F D 0.1328069540949557\n",
      "F F 2.9695256253958746e-09\n",
      "F E 0.07729035663028994\n",
      "F G 0.0726651934791096\n",
      "F D 0.22528200968643064\n",
      "E D 0.10062371441914741\n",
      "E F 0.09380068419641374\n",
      "E G 0.07178659833822876\n",
      "E A 0.3946874659865305\n",
      "E C 0.21532419876250286\n",
      "E B 0.1633281605813961\n",
      "E G 0.09615705201311786\n",
      "E D 0.20900493082118\n",
      "E F 0.10320942451323356\n",
      "E E 0.022444069440264558\n",
      "E G 0.10180932937878051\n",
      "E C 0.3534569365868132\n",
      "E A 0.2127222328505729\n",
      "E B 0.16750225585739176\n",
      "E G 0.11155091032409825\n",
      "E D 0.22894315782468366\n",
      "E F 0.07729035663028994\n",
      "E E 0.0\n",
      "E G 0.09593216491893719\n",
      "E D 0.3037243325123893\n",
      "G D 0.10939884984008696\n",
      "G F 0.1600334127986106\n",
      "G G 0.02779636816980191\n",
      "G A 0.19621361782958047\n",
      "G C 0.13692644837538193\n",
      "G B 0.2072960769421459\n",
      "G G 0.022510457271853412\n",
      "G D 0.13234101396751796\n",
      "G F 0.07687380388700171\n",
      "G E 0.12237394929228274\n",
      "G G 0.023002107741291744\n",
      "G C 0.1780089669080891\n",
      "G A 0.14359066487282546\n",
      "G B 0.20764478021644228\n",
      "G G 0.012937020109242137\n",
      "G D 0.14769820066081152\n",
      "G F 0.0726651934791096\n",
      "G E 0.09593216491893719\n",
      "G G 1.5854342283461165e-08\n",
      "G D 0.2356783803161504\n",
      "D D 0.2395507499524442\n",
      "D F 0.5191707858363372\n",
      "D G 0.3105719949243101\n",
      "D A 0.2023333623027337\n",
      "D C 0.2950368633632736\n",
      "D B 0.46582011263279144\n",
      "D G 0.30063526094527027\n",
      "D D 0.04095092408341483\n",
      "D F 0.18351509661389842\n",
      "D E 0.2330772863178272\n",
      "D G 0.25144912309279255\n",
      "D C 0.1442411606974745\n",
      "D A 0.36183741396096625\n",
      "D B 0.459614927504885\n",
      "D G 0.23448203865694184\n",
      "D D 0.03208272910636423\n",
      "D F 0.22528200968643064\n",
      "D E 0.3037243325123893\n",
      "D G 0.2356783803161504\n",
      "D D 8.345172775037213e-09\n"
     ]
    }
   ],
   "source": [
    "total_samples = 20\n",
    "l = len(c)\n",
    "D = np.zeros((total_samples, total_samples), dtype=float)\n",
    "\n",
    "for ii in range(total_samples):\n",
    "    for jj in range(total_samples):\n",
    "        D[ii,jj] = cosine(c[l-ii-1][0][0], c[l-jj-1][0][0]) \n",
    "        print(data[l-ii-1], data[l-jj-1], D[ii,jj])"
   ]
  },
  {
   "cell_type": "code",
   "execution_count": 48,
   "id": "40f1ce67",
   "metadata": {},
   "outputs": [
    {
     "data": {
      "text/plain": [
       "array([[2.32856496e-08, 2.07265260e-03, 1.57299895e-01, 1.92165015e-01,\n",
       "        3.14233280e-02, 3.17906631e-02, 1.08587563e-01, 2.53117544e-01],\n",
       "       [2.07265260e-03, 0.00000000e+00, 1.88830848e-01, 2.12786373e-01,\n",
       "        4.22840054e-02, 3.99942949e-02, 1.34117044e-01, 2.56191782e-01],\n",
       "       [1.57299895e-01, 1.88830848e-01, 2.11798856e-09, 1.69117273e-01,\n",
       "        1.31069536e-01, 1.33580997e-01, 2.60504235e-02, 2.52264275e-01],\n",
       "       [1.92165015e-01, 2.12786373e-01, 1.69117273e-01, 0.00000000e+00,\n",
       "        1.16378974e-01, 2.78109323e-01, 1.05473124e-01, 1.06674866e-01],\n",
       "       [3.14233280e-02, 4.22840054e-02, 1.31069536e-01, 1.16378974e-01,\n",
       "        1.58367839e-08, 4.78101340e-02, 5.62914780e-02, 2.01744972e-01],\n",
       "       [3.17906631e-02, 3.99942949e-02, 1.33580997e-01, 2.78109323e-01,\n",
       "        4.78101340e-02, 4.95708463e-09, 9.55245821e-02, 3.36495603e-01],\n",
       "       [1.08587563e-01, 1.34117044e-01, 2.60504235e-02, 1.05473124e-01,\n",
       "        5.62914780e-02, 9.55245821e-02, 0.00000000e+00, 1.72538938e-01],\n",
       "       [2.53117544e-01, 2.56191782e-01, 2.52264275e-01, 1.06674866e-01,\n",
       "        2.01744972e-01, 3.36495603e-01, 1.72538938e-01, 2.44920614e-08]])"
      ]
     },
     "execution_count": 48,
     "metadata": {},
     "output_type": "execute_result"
    }
   ],
   "source": [
    "D"
   ]
  },
  {
   "cell_type": "code",
   "execution_count": 37,
   "id": "99a40965",
   "metadata": {},
   "outputs": [
    {
     "data": {
      "text/plain": [
       "'DGBCAGFD'"
      ]
     },
     "execution_count": 37,
     "metadata": {},
     "output_type": "execute_result"
    }
   ],
   "source": [
    "data[l-8:l]"
   ]
  },
  {
   "cell_type": "code",
   "execution_count": 38,
   "id": "3ca357d6",
   "metadata": {},
   "outputs": [
    {
     "data": {
      "text/plain": [
       "tensor([-0.7345, -0.5629,  1.0458, -0.4893,  0.4876])"
      ]
     },
     "execution_count": 38,
     "metadata": {},
     "output_type": "execute_result"
    }
   ],
   "source": [
    "c[l-ii-1][0][0]"
   ]
  },
  {
   "cell_type": "code",
   "execution_count": null,
   "id": "770e12e7",
   "metadata": {},
   "outputs": [],
   "source": []
  }
 ],
 "metadata": {
  "kernelspec": {
   "display_name": "efri",
   "language": "python",
   "name": "python3"
  },
  "language_info": {
   "codemirror_mode": {
    "name": "ipython",
    "version": 3
   },
   "file_extension": ".py",
   "mimetype": "text/x-python",
   "name": "python",
   "nbconvert_exporter": "python",
   "pygments_lexer": "ipython3",
   "version": "3.12.7"
  }
 },
 "nbformat": 4,
 "nbformat_minor": 5
}
